{
  "advancedEditorSelectedIdentifier" : "ProjectBrowser",
  "openSceneRelativePaths" : [
    "Immersive.usda"
  ],
  "recentIdentifiers" : {
    "AF09ED6F-1707-48FD-8720-65B998362C09" : [

    ]
  },
  "sceneCameraHistory" : {
    "AF09ED6F-1707-48FD-8720-65B998362C09" : [
      {
        "date" : 731718523.609735,
        "title" : "Untitled",
        "transform" : [
          1,
          0,
          0,
          0,
          0,
          0.7071069,
          -0.70710677,
          0,
          0,
          0.70710677,
          0.7071069,
          0,
          0,
          3.079897,
          0.5776863,
          1
        ]
      },
      {
        "date" : 731718519.926318,
        "title" : "Untitled",
        "transform" : [
          0.9997996,
          7.123216e-11,
          0.020017477,
          0,
          0.011636964,
          0.8136607,
          -0.5812237,
          0,
          -0.016287435,
          0.5813402,
          0.81349766,
          0,
          -0.8904381,
          -5.258746,
          5.0829735,
          1
        ]
      },
      {
        "date" : 731718395.383159,
        "title" : "Untitled",
        "transform" : [
          0.9994572,
          -1.0462424e-08,
          -0.032942448,
          0,
          -0.0065865526,
          0.9798078,
          -0.199833,
          0,
          0.03227727,
          0.19994152,
          0.979276,
          0,
          0.7324103,
          6.4352236,
          23.823677,
          1
        ]
      },
      {
        "date" : 731718308.710355,
        "title" : "Untitled",
        "transform" : [
          0.9994572,
          -1.0462424e-08,
          -0.032942448,
          0,
          -0.0065865526,
          0.9798078,
          -0.199833,
          0,
          0.03227727,
          0.19994152,
          0.979276,
          0,
          0.036531605,
          2.3521624,
          2.7107368,
          1
        ]
      },
      {
        "date" : 731718253.157405,
        "title" : "Untitled",
        "transform" : [
          0.9994572,
          -1.0462424e-08,
          -0.032942448,
          0,
          -0.0065865526,
          0.9798078,
          -0.199833,
          0,
          0.03227727,
          0.19994152,
          0.979276,
          0,
          1.2805607,
          3.7099674,
          9.327327,
          1
        ]
      },
      {
        "date" : 731718244.870386,
        "title" : "Untitled",
        "transform" : [
          0.9994572,
          -1.0462424e-08,
          -0.032942448,
          0,
          -0.0065865526,
          0.9798078,
          -0.199833,
          0,
          0.03227727,
          0.19994152,
          0.979276,
          0,
          1.2762786,
          3.7099674,
          9.327468,
          1
        ]
      },
      {
        "date" : 731718176.867001,
        "title" : "Untitled",
        "transform" : [
          0.9994572,
          -1.0462424e-08,
          -0.032942448,
          0,
          -0.0065865526,
          0.9798078,
          -0.199833,
          0,
          0.03227727,
          0.19994152,
          0.979276,
          0,
          0.041497517,
          3.1151524,
          6.451668,
          1
        ]
      },
      {
        "date" : 731718088.418956,
        "title" : "Untitled",
        "transform" : [
          0.9994572,
          -1.0462424e-08,
          -0.032942448,
          0,
          -0.0065865526,
          0.9798078,
          -0.199833,
          0,
          0.03227727,
          0.19994152,
          0.979276,
          0,
          -0.020756602,
          2.729523,
          4.562916,
          1
        ]
      },
      {
        "date" : 731718061.265078,
        "title" : "Untitled",
        "transform" : [
          0.9984782,
          -1.0490008e-08,
          -0.05514761,
          0,
          -0.013606907,
          0.96908265,
          -0.24636082,
          0,
          0.053442597,
          0.24673629,
          0.96760786,
          0,
          0.1090582,
          3.0173142,
          4.4831386,
          1
        ]
      },
      {
        "date" : 731718048.280033,
        "title" : "Untitled",
        "transform" : [
          0.9998939,
          8.353376e-11,
          0.014569051,
          0,
          0.0030850118,
          0.9773237,
          -0.2117286,
          0,
          -0.014238677,
          0.21175107,
          0.97721994,
          0,
          -0.019602077,
          0.51061934,
          2.3565104,
          1
        ]
      }
    ]
  }
}