{
  "advancedEditorSelectedIdentifier" : "ProjectBrowser",
  "openSceneRelativePaths" : [
    "Immersive.usda"
  ],
  "recentIdentifiers" : {
    "AF09ED6F-1707-48FD-8720-65B998362C09" : [

    ]
  },
  "sceneCameraHistory" : {
    "AF09ED6F-1707-48FD-8720-65B998362C09" : [
      {
        "date" : 731713716.111689,
        "title" : "Untitled",
        "transform" : [
          0.99990356,
          -1.0934651e-05,
          0.013890816,
          0,
          0.002984648,
          0.9768126,
          -0.21407521,
          0,
          -0.013566383,
          0.214096,
          0.97671837,
          0,
          -0.036753975,
          2.3224993,
          3.411001,
          1
        ]
      },
      {
        "date" : 731713673.156662,
        "title" : "Untitled",
        "transform" : [
          0.9996594,
          -5.1987437e-10,
          0.026096165,
          0,
          0.0083626555,
          0.9472637,
          -0.32034615,
          0,
          -0.024719952,
          0.32045528,
          0.9469411,
          0,
          -0.09730767,
          1.1323204,
          3.3904142,
          1
        ]
      },
      {
        "date" : 731713629.77447,
        "title" : "Untitled",
        "transform" : [
          0.9991826,
          -2.7082847e-09,
          0.040424842,
          0,
          0.00019252828,
          0.9999887,
          -0.004758584,
          0,
          -0.04042439,
          0.00476247,
          0.99917126,
          0,
          0.06899969,
          1.528884,
          4.6673236,
          1
        ]
      },
      {
        "date" : 731713611.191991,
        "title" : "Untitled",
        "transform" : [
          0.99475294,
          -2.0985391e-09,
          0.10230627,
          0,
          0.04486495,
          0.8987138,
          -0.4362346,
          0,
          -0.09194407,
          0.4385356,
          0.8939982,
          0,
          -0.1049943,
          3.3986237,
          3.542357,
          1
        ]
      },
      {
        "date" : 731713585.90673,
        "title" : "Untitled",
        "transform" : [
          0.9998675,
          -0.00013403312,
          0.016277963,
          0,
          0.007981873,
          0.87554294,
          -0.4830742,
          0,
          -0.014187308,
          0.48314014,
          0.875428,
          0,
          -1.0955191,
          41.229435,
          55.133537,
          1
        ]
      },
      {
        "date" : 731713581.69026,
        "title" : "Untitled",
        "transform" : [
          0.9998675,
          -0.00013403312,
          0.016277963,
          0,
          0.007981873,
          0.87554294,
          -0.4830742,
          0,
          -0.014187308,
          0.48314014,
          0.875428,
          0,
          -1.1388594,
          36.483368,
          57.752148,
          1
        ]
      },
      {
        "date" : 731713552.769645,
        "title" : "Untitled",
        "transform" : [
          0.99964124,
          3.2797687e-10,
          -0.02678415,
          0,
          -0.0068199555,
          0.96703947,
          -0.25453517,
          0,
          0.025901329,
          0.2546265,
          0.9666925,
          0,
          -0.7146487,
          59.190525,
          113.70598,
          1
        ]
      },
      {
        "date" : 731713550.67057,
        "title" : "Untitled",
        "transform" : [
          0.99964124,
          3.2797687e-10,
          -0.02678415,
          0,
          -0.0068199555,
          0.96703947,
          -0.25453517,
          0,
          0.025901329,
          0.2546265,
          0.9666925,
          0,
          -0.64848757,
          50.594437,
          116.17662,
          1
        ]
      },
      {
        "date" : 731713543.981341,
        "title" : "Untitled",
        "transform" : [
          0.99964124,
          3.2797687e-10,
          -0.02678415,
          0,
          -0.0068199555,
          0.96703947,
          -0.25453517,
          0,
          0.025901329,
          0.2546265,
          0.9666925,
          0,
          -2.0308275,
          37.639,
          126.024086,
          1
        ]
      },
      {
        "date" : 731713494.200714,
        "title" : "Untitled",
        "transform" : [
          0.99964124,
          3.2797687e-10,
          -0.02678415,
          0,
          -0.0068199555,
          0.96703947,
          -0.25453517,
          0,
          0.025901329,
          0.2546265,
          0.9666925,
          0,
          -2.3109064,
          37.781166,
          126.57168,
          1
        ]
      }
    ]
  }
}